#States        J         KA         KC     Energy
    1          1          0          1     23.799
    2          1          1          0     42.402
    3          2          1          2     79.513
    4          2          2          1    135.322
    5          3          0          3    136.890
    6          3          1          2    173.598
    7          3          2          1    212.628
    8          4          1          4    224.994
    9          3          3          0    287.537
   10          4          2          3    300.920
   11          5          0          5    325.789
   12          4          3          2    384.585
   13          5          1          4    400.670
   14          6          1          6    447.897
   15          5          2          3    448.098
   16          4          4          1    494.688
   17          5          3          2    511.234
   18          6          2          5    554.439
   19          7          0          7    587.370
   20          5          4          1    616.707
   21          6          3          4    651.971
   22          7          1          6    707.162
   23          8          1          8    745.852
   24          5          5          0    757.735
   25          6          4          3    763.327
   26          7          2          5    787.387
   27          7          3          4    847.989
   28          8          2          7    889.239
   29          6          5          2    903.768
   30          9          0          9    922.702
   31          7          4          3    938.944
   32          8          3          6   1012.269
   33          7          5          2   1075.111
   34          6          6          1   1076.531
   35          9          1          8   1084.551
   36         10          1         10   1118.168
   37          8          4          5   1132.111
   38          9          2          7   1212.266
   39          7          6          1   1246.771
   40          8          5          4   1271.474
   41          9          3          6   1296.584
   42         10          2          9   1300.675
   43         11          0         11   1332.162
   44          9          4          5   1374.699
   45          8          6          3   1442.066
   46          7          7          0   1451.092
   47         10          3          8   1458.068
   48          9          5          4   1496.108
   49         11          1         10   1534.297
   50         12          1         12   1564.718
   51         10          4          7   1597.945
   52          8          7          2   1645.532
   53          9          6          3   1662.856
   54         11          2          9   1707.663
   55         10          5          6   1741.216
   56         12          2         11   1786.844
   57         13          0         13   1815.823
   58         11          3          8   1839.060
   59          9          7          2   1864.978
   60          8          8          1   1881.415
   61         10          6          5   1909.013
   62         11          4          7   1928.836
   63         12          3         10   1982.828
   64         11          5          6   2029.722
   65         13          1         12   2057.757
   66         14          1         14   2085.484
   67          9          8          1   2100.067
   68         10          7          4   2109.671
   69         12          4          9   2153.661
   70         11          6          5   2182.843
   71         13          2         11   2272.979
   72         12          5          8   2311.364
   73         10          8          3   2343.672
   74         14          2         13   2347.269
   75          9          9          0   2367.500
   76         15          0         15   2373.699
   77         11          7          4   2379.993
   78         13          3         10   2454.662
   79         12          6          7   2479.327
   80         14          3         12   2583.056
   81         13          4          9   2586.529
   82         10          9          2   2610.369
   83         11          8          3   2612.449
   84         15          1         14   2655.298
   85         12          7          6   2675.954
   86         16          1         16   2680.468
   87         13          5          8   2685.455
   88         14          4         11   2791.383
   89         13          6          7   2814.127
   90         11          9          2   2878.155
   91         12          8          5   2906.629
   92         10         10          1   2909.347
   93         15          2         13   2910.957
   94         14          5         10   2975.705
   95         16          2         15   2981.880
   96         13          7          6   2999.162
   97         17          0         17   3005.792
   98         15          3         12   3137.363
   99         14          6          9   3152.657
  100         12          9          4   3171.042
  101         11         10          1   3176.436
  102         13          8          5   3226.550
  103         16          3         14   3257.613
  104         15          4         11   3323.540
  105         17          1         16   3327.005
  106         14          7          8   3346.538
  107         18          1         18   3349.671
  108         15          5         10   3454.723
  109         12         10          3   3468.413
  110         13          9          4   3489.241
  111         16          4         13   3505.847
  112         11         11          0   3506.955
  113         15          6          9   3568.225
  114         14          8          7   3572.311
  115         17          2         15   3622.668
  116         18          2         17   3690.680
  117         19          0         19   3712.105
  118         16          5         12   3725.720
  119         15          7          8   3728.419
  120         13         10          3   3785.442
  121         12         11          2   3798.267
  122         14          9          6   3832.973
  123         17          3         14   3890.730
  124         16          6         11   3924.190
  125         15          8          7   3945.042
  126         18          3         16   4006.282
  127         19          1         18   4072.905
  128         20          1         20   4093.093
  129         13         11          2   4114.445
  130         16          7         10   4122.075
  131         17          4         13   4125.988
  132         14         10          5   4127.701
  133         12         12          1   4160.325
  134         15          9          6   4202.540
  135         18          4         15   4294.866
  136         17          5         12   4312.591
  137         16          8          9   4342.947
  138         19          2         17   4408.405
  139         17          6         11   4444.573
  140         14         11          4   4455.633
  141         20          2         19   4473.680
  142         13         12          1   4475.862
  143         21          0         21   4492.637
  144         15         10          5   4495.390
  145         18          5         14   4554.435
  146         17          7         10   4579.010
  147         16          9          8   4598.098
  148         19          3         16   4717.074
  149         17          8          9   4772.707
  150         18          6         13   4785.496
  151         14         12          3   4816.245
  152         15         11          4   4821.990
  153         20          3         18   4829.065
  154         13         13          0   4869.456
  155         16         10          7   4888.724
  156         21          1         20   4893.006
  157         22          1         22   4910.736
  158         19          4         15   4996.064
  159         18          7         12   4999.324
  160         17          9          8   5020.456
  161         20          4         17   5157.900
  162         15         12          3   5181.607
  163         14         13          2   5209.219
  164         16         11          6   5213.689
  165         18          8         11   5219.905
  166         19          5         14   5237.229
  167         21          2         19   5268.259
  168         17         10          7   5307.972
  169         22          2         21   5330.885
  170         23          0         23   5347.390
  171         19          6         13   5420.838
  172         20          5         16   5458.248
  173         18          9         10   5468.637
  174         19          7         12   5557.680
  175         16         12          5   5572.088
  176         15         13          2   5573.813
  177         21          3         18   5617.146
  178         17         11          6   5630.922
  179         14         14          1   5634.349
  180         19          8         11   5719.281
  181         22          3         20   5725.992
  182         20          6         15   5728.214
  183         18         10          9   5753.325
  184         23          1         22   5787.316
  185         24          1         24   5802.600
  186         21          4         17   5937.715
  187         19          9         10   5946.917
  188         16         13          4   5963.358
  189         20          7         14   5970.624
  190         17         12          5   5987.842
  191         15         14          1   5998.338
  192         18         11          8   6073.894
  193         22          4         19   6094.915
  194         20          8         13   6201.462
  195         23          2         21   6202.267
  196         19         10          9   6225.382
  197         21          5         16   6225.887
  198         24          2         23   6262.300
  199         25          0         25   6276.364
  200         17         13          4   6377.982
  201         16         14          3   6387.147
  202         18         12          7   6429.037
  203         22          5         18   6436.015
  204         20          9         12   6446.418
  205         15         15          0   6455.003
  206         21          6         15   6469.329
  207         19         11          8   6542.851
  208         23          3         20   6591.183
  209         21          7         14   6648.313
  210         24          3         22   6697.086
  211         20         10         11   6723.670
  212         22          6         17   6747.072
  213         25          1         24   6755.838
  214         26          1         26   6768.684
  215         21          8         13   6796.094
  216         17         14          3   6800.883
  217         18         13          6   6817.823
  218         16         15          2   6843.220
  219         19         12          7   6895.855
  220         23          4         19   6952.535
  221         21          9         12   6989.846
  222         22          7         16   7026.765
  223         20         11         10   7038.000
  224         24          4         21   7105.970
  225         25          2         23   7210.450
  226         18         14          5   7239.664
  227         21         10         11   7250.929
  228         17         15          2   7256.245
  229         26          2         25   7267.929
  230         27          0         27   7279.559
  231         22          8         15   7281.248
  232         19         13          6   7283.030
  233         23          5         18   7283.797
  234         16         16          1   7331.418
  235         20         12          9   7388.494
  236         24          5         20   7487.580
  237         22          9         14   7531.029
  238         21         11         10   7559.803
  239         23          6         17   7578.980
  240         25          3         22   7639.278
  241         18         15          4   7694.179
  242         19         14          5   7703.615
  243         26          3         24   7742.361
  244         17         16          1   7743.864
  245         20         13          8   7773.765
  246         27          1         26   7798.574
  247         22         10         13   7801.844
  248         28          1         28   7808.989
  249         23          7         16   7820.631
  250         24          6         19   7839.966
  251         21         12          9   7907.181
  252         23          8         15   7996.017
  253         25          4         21   8041.054
  254         22         11         12   8108.090
  255         19         15          4   8157.128
  256         24          7         18   8160.747
  257         23          9         14   8162.006
  258         18         16          3   8181.108
  259         26          4         23   8191.113
  260         20         14          7   8192.872
  261         17         17          0   8263.595
  262         21         13          8   8290.202
  263         27          2         25   8292.820
  264         28          2         27   8347.773
  265         29          0         29   8356.975
  266         23         10         13   8390.926
  267         25          5         20   8413.911
  268         24          8         17   8449.871
  269         22         12         11   8452.128
  270         26          5         22   8613.020
  271         19         16          3   8643.244
  272         20         15          6   8645.209
  273         23         11         12   8684.639
  274         18         17          2   8700.270
  275         21         14          7   8707.578
  276         24          9         16   8717.692
  277         25          6         19   8754.497
  278         27          3         24   8761.480
  279         22         13         10   8832.531
  280         28          3         26   8861.828
  281         29          1         28   8915.526
  282         30          1         30   8923.516
  283         24         10         15   8988.464
  284         26          6         21   9006.451
  285         23         12         11   9023.707
  286         25          7         18   9053.919
  287         20         16          5   9130.371
  288         21         15          6   9158.543
  289         19         17          2   9161.734
  290         27          4         23   9203.471
  291         22         14          9   9247.889
  292         18         18          1   9251.533
  293         24         11         14   9286.365
  294         25          8         17   9290.012
  295         28          4         25   9350.382
  296         26          7         20   9369.141
  297         23         13         10   9400.964
  298         29          2         27   9449.385
  299         25          9         16   9465.703
  300         30          2         29   9501.834
  301         31          0         31   9508.612
  302         27          5         22   9617.286
  303         24         12         13   9621.926
  304         21         16          5   9642.595
  305         20         17          4   9648.076
  306         25         10         15   9657.306
  307         22         15          8   9697.261
  308         26          8         19   9698.799
  309         19         18          1   9712.437
  310         28          5         24   9812.424
  311         23         14          9   9813.973
  312         25         11         14   9922.409
  313         29          3         26   9957.821
  314         24         13         12   9995.712
  315         26          9         18   9997.523
