 0.d0
  0.80000000000000004     
 0.d0
  0.50000000000000000     
  0.69999999999999996     
  0.90000000000000002     
 0.d0
  0.90000000000000002     
  0.80000000000000004     
  0.90000000000000002     
  0.69999999999999996     
  0.69999999999999996     
  0.69999999999999996     
  0.69999999999999996     
  0.80000000000000004     
 0.d0
 0.d0
  0.90000000000000002     
 0.d0
 0.d0
  0.80000000000000002     
  0.59999999999999998     
  0.50000000000000000     
  0.80000000000000002     
  0.69999999999999996     
  0.69999999999999996     
  0.80000000000000002     
  0.90000000000000002
  0.90000000000000002     
  0.90000000000000002     
  0.80000000000000004     
  0.80000000000000004     
  0.80000000000000004     
  0.90000000000000002     
 0.d0
  0.90000000000000002     
  0.50000000000000000     
  0.69999999999999996     
  0.80000000000000004     
  0.90000000000000002     
  0.80000000000000004     
  0.80000000000000004     
  0.69999999999999996     
  0.90000000000000002     
 0.d0
  0.80000000000000004     
  0.90000000000000002     
  0.90000000000000002     
  0.90000000000000002     
  0.90000000000000002     
  0.90000000000000002     
  0.90000000000000002     
  0.90000000000000002     
  0.90000000000000002     
 0.d0
  0.70000000000000004     
  0.69999999999999996     
  0.80000000000000004     
  0.70000000000000004     
  0.80000000000000004     
  0.80000000000000004     
  0.80000000000000004     
  0.85000000000000002
  0.90000000000000002     
 0.d0
  0.90000000000000002     
 0.d0
  0.90000000000000002     
  0.90000000000000002     
 0.d0
  0.90000000000000002     
  0.90000000000000002     
  0.90000000000000002
  0.90000000000000002     
  0.80000000000000002     
 0.d0
  0.90000000000000002     
  0.90000000000000002
 0.d0
 0.d0
 0.d0
 0.d0
 0.d0
 0.d0
 0.d0
  0.90000000000000002     
  0.90000000000000002     
 0.d0
  0.90000000000000002     
  0.90000000000000002     
  0.59999999999999998     
  0.60000000000000004     
  0.60000000000000004     
  0.60000000000000004     
  0.60000000000000004     
  0.60000000000000004     
  0.70000000000000004     
  0.60000000000000004     
  0.80000000000000004     
  0.60000000000000004     
  0.80000000000000002     
  0.70000000000000004     
  0.80000000000000002     
  0.80000000000000002     
  0.80000000000000002     
  0.50000000000000000     
  0.50000000000000000     
  0.50000000000000000     
  0.59999999999999998     
  0.59999999999999998     
  0.59999999999999998     
  0.50000000000000000     
  0.59999999999999998     
  0.59999999999999998     
  0.59999999999999998     
  0.80000000000000004     
  0.59999999999999998     
  0.90000000000000002     
  0.59999999999999998     
  0.59999999999999998     
  0.80000000000000002     
  0.90000000000000002     
  0.80000000000000002     
  0.90000000000000002
  0.80000000000000002     
  0.90000000000000002     
  0.90000000000000002     
  0.69999999999999996     
  0.90000000000000002     
 0.d0
  0.80000000000000004     
 0.d0
  0.80000000000000004     
  0.69999999999999996     
  0.80000000000000004     
  0.69999999999999996     
 0.d0
 0.d0
 0.d0
 0.d0
 0.d0
  0.90000000000000002     
 0.d0
  0.90000000000000002     
 0.d0
  0.90000000000000002     
 0.d0
  0.90000000000000002     
  0.90000000000000002     
  0.90000000000000002     
  0.80000000000000004     
  0.80000000000000004     
 0.d0
  0.59999999999999996     
  0.70000000000000004     
  0.69999999999999996     
  0.59999999999999996     
  0.59999999999999996     
  0.69999999999999996     
  0.59999999999999996     
  0.69999999999999996     
  0.69999999999999996     
  0.69999999999999996     
  0.59999999999999998     
  0.59999999999999996     
  0.59999999999999996     
  0.59999999999999996     
  0.59999999999999996     
  0.59999999999999998     
  0.70000000000000004     
  0.69999999999999996     
  0.69999999999999996     
  0.69999999999999996     
  0.69999999999999996     
  0.69999999999999996     
  0.69999999999999996     
  0.80000000000000004     
  0.80000000000000004     
  0.80000000000000004     
 0.d0
  0.80000000000000004     
  0.80000000000000004     
 0.d0
  0.69999999999999996     
 0.d0
  0.90000000000000002     
  0.59999999999999998     
 0.d0
  0.80000000000000004     
 0.d0
 0.d0
  0.90000000000000002
  0.90000000000000002
  0.80000000000000002     
  0.80000000000000002
  0.80000000000000002     
  0.80000000000000002
  0.80000000000000002     
  0.80000000000000002     
  0.80000000000000002     
  0.80000000000000002     
  0.70000000000000004     
  0.70000000000000002     
  0.70000000000000004     
  0.80000000000000002     
  0.80000000000000002     
  0.80000000000000002
  0.80000000000000002
  0.80000000000000004     
  0.80000000000000002     
  0.69999999999999996     
  0.69999999999999996     
  0.80000000000000004     
  0.80000000000000004     
  0.69999999999999996     
  0.80000000000000004     
  0.80000000000000004     
  0.90000000000000002     
  0.90000000000000002     
  0.80000000000000004     
  0.90000000000000002     
  0.90000000000000002     
  0.80000000000000004     
  0.90000000000000002     
  0.70000000000000004     
  0.80000000000000004     
 0.d0
  0.49999999999999998     
  0.90000000000000002     
  0.80000000000000004     
  0.80000000000000004     
  0.80000000000000004     
  0.90000000000000002     
 0.d0
  0.80000000000000004     
  0.90000000000000002     
  0.90000000000000002     
 0.d0
  0.80000000000000004     
 0.d0
 0.d0
  0.90000000000000002     
  0.90000000000000002     
  0.90000000000000002     
 0.d0
  0.80000000000000002     
  0.80000000000000004     
  0.80000000000000004     
  0.80000000000000004     
  0.80000000000000004     
 0.d0
 0.d0
  0.90000000000000002     
  0.90000000000000002     
 0.d0
 0.d0
  0.80000000000000004     
  0.90000000000000002     
  0.90000000000000002     
  0.90000000000000002     
  0.90000000000000002     
 0.d0
  0.80000000000000002     
  0.70000000000000004     
  0.90000000000000002     
 0.d0
  0.90000000000000002     
  0.90000000000000002     
  0.80000000000000004     
  0.90000000000000002     
  0.90000000000000002     
  0.80000000000000004     
  0.90000000000000002     
  0.90000000000000002     
  0.90000000000000002     
 0.d0
  0.69999999999999996     
  0.69999999999999996     
  0.69999999999999996     
  0.69999999999999996     
  0.69999999999999996     
  0.69999999999999996     
  0.69999999999999996     
  0.90000000000000002     
  0.90000000000000002     
  0.90000000000000002     
  0.60000000000000004     
  0.60000000000000004     
  0.70000000000000002     
  0.70000000000000002     
  0.80000000000000002     
  0.70000000000000004     
  0.70000000000000002     
  0.90000000000000002     
  0.70000000000000002     
  0.70000000000000002     
  0.90000000000000002
 0.d0
 0.d0
 0.d0
 0.d0
 0.d0
 0.d0
 0.d0
 0.d0
 0.d0
  0.90000000000000002     
 0.d0
  0.90000000000000002     
  0.80000000000000004     
  0.90000000000000002     
  0.90000000000000002     
  0.90000000000000002     
  0.90000000000000002     
  0.80000000000000004     
  0.80000000000000004     
  0.90000000000000002     
  0.90000000000000002     
  0.80000000000000004     
  0.90000000000000002     
  0.80000000000000004     
 0.d0
  0.90000000000000002     
  0.90000000000000002     
 0.d0
 0.d0
  0.90000000000000002     
  0.69999999999999996     
  0.90000000000000002     
  0.80000000000000004     
  0.90000000000000002     
  0.30000000000000004     
  0.40000000000000002     
  0.69999999999999996     
  0.59999999999999998     
  0.80000000000000004     
  0.70000000000000004     
  0.90000000000000002     
  0.90000000000000002     
  0.80000000000000004     
  0.80000000000000002     
  0.80000000000000004     
  0.90000000000000002
  0.90000000000000002     
  0.90000000000000002     
  0.90000000000000002     
  0.90000000000000002     
  0.90000000000000002     
  0.90000000000000002     
  0.90000000000000002     
  0.90000000000000002     
  0.59999999999999998     
  0.50000000000000000     
  0.80000000000000004     
  0.59999999999999998     
  0.60000000000000004     
  0.80000000000000002     
  0.90000000000000002     
  0.80000000000000002     
  0.80000000000000002     
  0.90000000000000002
  0.80000000000000002     
  0.90000000000000002     
  0.80000000000000004     
  0.90000000000000002     
  0.90000000000000002     
  0.90000000000000002     
 0.d0
 0.d0
  0.90000000000000002     
  0.90000000000000002     
 0.d0
  0.90000000000000002     
  0.90000000000000002     
  0.90000000000000002     
  0.90000000000000002     
  0.90000000000000002     
 0.d0
  0.90000000000000002     
  0.90000000000000002     
 0.d0
  0.90000000000000002     
  0.90000000000000002     
  0.80000000000000004     
  0.90000000000000002     
  0.90000000000000002     
  0.90000000000000002     
  0.90000000000000002     
  0.90000000000000002     
  0.90000000000000002     
  0.90000000000000002     
  0.80000000000000004     
  0.90000000000000002     
  0.90000000000000002     
  0.80000000000000004     
  0.90000000000000002     
  0.80000000000000004     
  0.80000000000000004     
 0.d0
 0.d0
  0.69999999999999996     
  0.80000000000000004     
 0.d0
 0.d0
 0.d0
 0.d0
 0.d0
 0.d0
 0.d0
 0.d0
 0.d0
 0.d0
 0.d0
 0.d0
  0.90000000000000002     
  0.80000000000000004     
  0.80000000000000004     
  0.90000000000000002     
  0.80000000000000004     
  0.80000000000000004     
  0.90000000000000002     
 0.d0
  0.90000000000000002     
 0.d0
  0.90000000000000002     
 0.d0
 0.d0
 0.d0
 0.d0
  0.90000000000000002     
 0.d0
 0.d0
  0.90000000000000002     
 0.d0
 0.d0
 0.d0
  0.90000000000000002     
  0.69999999999999996     
 0.d0
  0.90000000000000002
  0.59999999999999998     
