 0.d0
  0.93999999999999995     
 0.d0
  0.73999999999999977     
  0.80999999999999983     
 0.d0
 0.d0
  0.89999999999999991     
  0.88999999999999990     
  0.94999999999999996     
  0.74999999999999978     
  0.75999999999999979     
  0.75999999999999979     
  0.72999999999999976     
  0.80999999999999983     
 0.d0
 0.d0
  0.97999999999999998     
 0.d0
 0.d0
  0.88999999999999990     
  0.89999999999999991     
  0.96999999999999997     
  0.89999999999999991     
  0.83999999999999986     
  0.81999999999999984     
  0.88999999999999990     
  0.97999999999999998     
  0.96999999999999997     
  0.95999999999999996     
  0.85999999999999988     
  0.89999999999999991     
  0.87999999999999989     
  0.98999999999999999     
 0.d0
  0.91999999999999993     
 0.d0
 0.d0
 0.d0
 0.d0
 0.d0
  0.97999999999999998     
 0.d0
  0.96999999999999997     
 0.d0
 0.d0
 0.d0
  0.96999999999999997     
 0.d0
 0.d0
  0.94999999999999996     
  0.95999999999999996     
  0.95999999999999996     
  0.96999999999999997     
 0.d0
  0.87999999999999989     
  0.83999999999999986     
  0.85999999999999988     
  0.83999999999999986     
  0.84999999999999987     
  0.86999999999999988     
  0.88999999999999990     
  0.90999999999999992     
  0.90999999999999992     
 0.d0
  0.93999999999999995     
 0.d0
 0.d0
 0.d0
 0.d0
 0.d0
  0.96999999999999997     
 0.d0
  0.97999999999999998     
  0.89999999999999991     
 0.d0
  0.97999999999999998     
  0.93999999999999995     
 0.d0
 0.d0
 0.d0
 0.d0
 0.d0
 0.d0
 0.d0
  0.94999999999999996     
  0.98999999999999999     
 0.d0
 0.d0
  0.97999999999999998     
  0.82999999999999985     
  0.96999999999999997     
  0.93999999999999995     
  0.94999999999999996     
  0.92999999999999994     
  0.86999999999999988     
  0.93999999999999995     
  0.82999999999999985     
  0.91999999999999993     
  0.78999999999999981     
  0.89999999999999991     
  0.76999999999999980     
  0.88999999999999990     
  0.86999999999999988     
  0.85999999999999988     
 0.d0
 0.d0
 0.d0
 0.d0
 0.d0
 0.d0
 0.d0
 0.d0
 0.d0
 0.d0
 0.d0
  0.93999999999999995     
 0.d0
 0.d0
  0.93999999999999995     
 0.d0
 0.d0
 0.d0
 0.d0
 0.d0
 0.d0
 0.d0
 0.d0
 0.d0
 0.d0
  0.93999999999999995     
 0.d0
 0.d0
 0.d0
  0.89999999999999991     
 0.d0
 0.d0
 0.d0
 0.d0
 0.d0
 0.d0
  0.98999999999999999     
 0.d0
  0.98999999999999999     
 0.d0
  0.96999999999999997     
 0.d0
  0.98999999999999999     
  0.97999999999999998     
  0.97999999999999998     
  0.86999999999999988     
  0.97999999999999998     
 0.d0
  0.96999999999999997     
  0.97999999999999998     
  0.93999999999999995     
  0.94999999999999996     
  0.93999999999999995     
  0.93999999999999995     
  0.89999999999999991     
  0.88999999999999990     
  0.90999999999999992     
  0.92999999999999994     
  0.82999999999999985     
  0.76999999999999980     
  0.79999999999999982     
  0.76999999999999980     
  0.71999999999999975     
  0.87999999999999989     
  0.80999999999999983     
  0.75999999999999979     
 0.d0
 0.d0
 0.d0
 0.d0
 0.d0
 0.d0
 0.d0
 0.d0
 0.d0
  0.97999999999999998     
 0.d0
 0.d0
  0.95999999999999996     
 0.d0
  0.94999999999999996     
  0.92999999999999994     
 0.d0
  0.83999999999999986     
 0.d0
 0.d0
 0.d0
 0.d0
 0.d0
 0.d0
 0.d0
 0.d0
 0.d0
 0.d0
 0.d0
 0.d0
  0.95999999999999996     
  0.95999999999999996     
  0.82999999999999985     
  0.90999999999999992     
  0.86999999999999988     
  0.88999999999999990     
  0.85999999999999988     
  0.79999999999999982     
  0.88999999999999990     
  0.82999999999999985     
  0.83999999999999986     
  0.89999999999999991     
  0.88999999999999990     
  0.83999999999999986     
  0.89999999999999991     
  0.89999999999999991     
  0.95999999999999996     
 0.d0
  0.83999999999999986     
  0.96999999999999997     
 0.d0
  0.95999999999999996     
 0.d0
  0.84999999999999987     
  0.87999999999999989     
 0.d0
  0.58999999999999964     
  0.95999999999999996     
  0.86999999999999988     
  0.84999999999999987     
  0.83999999999999986     
  0.94999999999999996     
 0.d0
 0.d0
 0.d0
  0.90999999999999992     
 0.d0
  0.86999999999999988     
 0.d0
 0.d0
  0.97999999999999998     
  0.92999999999999994     
  0.94999999999999996     
 0.d0
  0.85999999999999988     
  0.94999999999999996     
  0.94999999999999996     
 0.d0
 0.d0
 0.d0
 0.d0
  0.95999999999999996     
  0.98999999999999999     
 0.d0
 0.d0
  0.82999999999999985     
  0.94999999999999996     
 0.d0
  0.96999999999999997     
  0.94999999999999996     
 0.d0
  0.95999999999999996     
  0.85999999999999988     
  0.95999999999999996     
 0.d0
  0.93999999999999995     
 0.d0
 0.d0
 0.d0
 0.d0
  0.94999999999999996     
  0.91999999999999993     
 0.d0
  0.94999999999999996     
 0.d0
 0.d0
 0.d0
 0.d0
 0.d0
 0.d0
 0.d0
 0.d0
 0.d0
  0.98999999999999999     
 0.d0
  0.98999999999999999     
  0.98999999999999999     
 0.d0
  0.94999999999999996     
  0.96999999999999997     
  0.87999999999999989     
  0.87999999999999989     
  0.96999999999999997     
  0.78999999999999981     
  0.78999999999999981     
  0.98999999999999999     
 0.d0
 0.d0
 0.d0
 0.d0
 0.d0
 0.d0
 0.d0
 0.d0
 0.d0
  0.97999999999999998     
 0.d0
  0.97999999999999998     
 0.d0
 0.d0
 0.d0
 0.d0
 0.d0
 0.d0
 0.d0
 0.d0
  0.96999999999999997     
 0.d0
 0.d0
 0.d0
 0.d0
 0.d0
 0.d0
 0.d0
 0.d0
 0.d0
  0.94999999999999996     
 0.d0
 0.d0
  0.95999999999999996     
  0.73999999999999977     
  0.90999999999999992     
  0.96999999999999997     
 0.d0
  0.98999999999999999     
  0.94999999999999996     
  0.96999999999999997     
  0.93999999999999995     
  0.85999999999999988     
  0.97999999999999998     
  0.89999999999999991     
 0.d0
  0.97999999999999998     
  0.94999999999999996     
  0.98999999999999999     
  0.97999999999999998     
  0.94999999999999996     
  0.97999999999999998     
  0.97999999999999998     
  0.94999999999999996     
  0.97999999999999998     
  0.97999999999999998     
  0.96999999999999997     
 0.d0
  0.97999999999999998     
 0.d0
  0.98999999999999999     
  0.94999999999999996     
  0.95999999999999996     
 0.d0
  0.95999999999999996     
  0.96999999999999997     
  0.85999999999999988     
  0.98999999999999999     
  0.90999999999999992     
  0.95999999999999996     
 0.d0
 0.d0
  0.97999999999999998     
 0.d0
 0.d0
  0.98999999999999999     
  0.97999999999999998     
  0.98999999999999999     
  0.93999999999999995     
  0.97999999999999998     
 0.d0
  0.95999999999999996     
  0.91999999999999993     
 0.d0
  0.96999999999999997     
  0.95999999999999996     
  0.85999999999999988     
 0.d0
 0.d0
 0.d0
 0.d0
 0.d0
 0.d0
 0.d0
  0.96999999999999997     
 0.d0
 0.d0
  0.97999999999999998     
 0.d0
  0.98999999999999999     
  0.87999999999999989     
 0.d0
 0.d0
  0.98999999999999999     
  0.98999999999999999     
 0.d0
 0.d0
 0.d0
 0.d0
 0.d0
 0.d0
 0.d0
 0.d0
 0.d0
 0.d0
 0.d0
 0.d0
 0.d0
 0.d0
  0.90999999999999992     
 0.d0
  0.86999999999999988     
 0.d0
 0.d0
 0.d0
 0.d0
 0.d0
 0.d0
 0.d0
 0.d0
 0.d0
 0.d0
  0.96999999999999997     
 0.d0
 0.d0
  0.98999999999999999     
 0.d0
 0.d0
 0.d0
  0.98999999999999999     
 0.d0
 0.d0
  0.97999999999999998     
  0.90999999999999992     
